0  南京信息工程大学体育馆  118.724767,32.205998
1  南京信息工程大学东门  118.727025,32.205568
2  南京信息工程大学西苑食堂  118.706039,32.203302
3  南京信息工程大学东苑食堂  118.719952,32.206471
4  南京信息工程大学明德楼  118.718599,32.204579
5  南京信息工程大学文德楼  118.721620,32.203793
6  南京信息工程大学滨江楼  118.708496,32.199346
7  南京信息工程大学揽江楼  118.708241,32.198240
8  南京信息工程大学阅江楼  118.707498,32.199326
9  南京信息工程大学临江楼  118.709317,32.200301
10  南京信息工程大学气象楼  118.722564,32.204502
11  南京信息工程大学马克思恩格斯雕像  118.715383,32.203407
12  南京信息工程大学图书馆  118.713574,32.202756
13  南京信息工程大学1960餐厅  118.716762,32.202134
14  南京信息工程大学北辰楼  118.717622,32.205722
15  南京信息工程大学长望楼  118.717007,32.204857
16  南京信息工程大学行政楼  118.724180,32.204200
17  南京信息工程大学雷丁学院  118.725028,32.204313
18  南京信息工程大学逸夫楼  118.711279,32.201620
19  南京信息工程大学水云方  118.711082,32.199186
